1 low

LUT	4523	20800	21.745193
LUTRAM	136	9600	1.4166667
FF	4413	41600	10.608173
BRAM	9	50	18.0
DSP	6	90	6.666667
IO	1	210	0.4761905
BUFG	2	32	6.25
MMCM	1	5	20.0

1 high


LUT	5864	20800	28.192308
LUTRAM	1024	9600	10.666667
FF	5209	41600	12.521635
BRAM	9	50	18.0
DSP	6	90	6.666667
IO	1	210	0.4761905
BUFG	2	32	6.25
MMCM	1	5	20.0

2 LOW

LUT	6190	20800	29.759615 							
LUTRAM	1024	9600	10.666667
FF	6179	41600	14.853366
BRAM	9	50	18.0
DSP	12	90	13.333334
IO	1	210	0.4761905
BUFG	2	32	6.25
MMCM	1	5	20.0


2 HIGH

LUT	5720	20800	27.5
LUTRAM	1024	9600	10.666667
FF	6702	41600	16.110577
BRAM	9	50	18.0
DSP	12	90	13.333334
IO	1	210	0.4761905
BUFG	2	32	6.25
MMCM	1	5	20.0

4 LOW

LUT	10551	20800	50.72596
LUTRAM	1024	9600	10.666667
FF	8853	41600	21.28125
BRAM	10	50	20.0
DSP	24	90	26.666668
IO	1	210	0.4761905
BUFG	2	32	6.25
MMCM	1	5	20.0

4 HIGH

LUT	8888	20800	42.73077
LUTRAM	1024	9600	10.666667
FF	9579	41600	23.026443
BRAM	10	50	20.0
DSP	24	90	26.666668
IO	1	210	0.4761905
BUFG	2	32	6.25
MMCM	1	5	20.0


8 LOW


LUT	16813	20800	80.83173
LUTRAM	1024	9600	10.666667
FF	13764	41600	33.08654
BRAM	12	50	24.0
DSP	48	90	53.333336
IO	1	210	0.4761905
BUFG	2	32	6.25
MMCM	1	5	20.0



8 HIGH

LUT	16813	20800	80.83173
LUTRAM	1024	9600	10.666667
FF	13764	41600	33.08654
BRAM	12	50	24.0
DSP	48	90	53.333336
IO	1	210	0.4761905
BUFG	2	32	6.25
MMCM	1	5	20.0
