noise
 flip
 blur
 remove one colour
  black square





1


LUT	3900	20800	18.75
LUTRAM	1024	9600	10.666667
FF	5739	41600	13.795672
BRAM	9	50	18.0
DSP	6	90	6.666667
IO	1	210	0.4761905
BUFG	2	32	6.25
MMCM	1	5	20.0

2



LUT	5617	20800	27.004808
LUTRAM	1024	9600	10.666667
FF	6763	41600	16.257212
BRAM	9	50	18.0
DSP	12	90	13.333334
IO	1	210	0.4761905
BUFG	2	32	6.25
MMCM	1	5	20.0




4



LUT	8909	20800	42.83173
LUTRAM	1024	9600	10.666667
FF	8815	41600	21.189903
BRAM	10	50	20.0
DSP	24	90	26.666668
IO	1	210	0.4761905
BUFG	2	32	6.25
MMCM	1	5	20.0



8




LUT	14855	20800	71.41827
LUTRAM	1024	9600	10.666667
FF	12923	41600	31.064903
BRAM	12	50	24.0
DSP	48	90	53.333336
IO	1	210	0.4761905
BUFG	2	32	6.25
MMCM	1	5	20.0

16 

