            0000000100000000000000000000000000000000000            0000000000000000000000000000000000000000000              2
            0000000000000000000000000000000000000000000            0000000000000000000000000000000000000000000              0
            0000000000000000000000000000000000000000000            0000000000000000000000000000000000000000000              0
            0000000000000000000000000000000000000000000            0000000000000000000000000000000000000000000              0
            0000000000000000000000000000000000000000000            0000000000000000000000000000000000000000000              0
            0000000000000000000000000000000000000000000            0000000000000000000000000000000000000000000              0
            0000000000000000000000000000000000000000000            0000000000000000000000000000000000000000000              0
            0000000000000000000000000000000000000000000            0000000000000000000000000000000000000000000              0
            0000000000000000000000000000000000000000000            0000000000000000000000000000000000000000000              0
            0000000000000000000000000000000000000000000            0000000000000000000000000000000000000000000              0
            0000000000000000000000000000000000000000000            0000000000000000000000000000000000000000000              0
            0000000000000000000000000000000000000000000            0000000000000000000000000000000000000000000              0
            0000000000000000000000000000000000000000000            0000000000000000000000000000000000000000000              0
            0000000000000000000000000000000000000000000            0000000000000000000000000000000000000000000              0
            0000000000000000000000000000000000000000000            0000000000000000000000000000000000000000000              0
            0000000000000000000000000000000000000000000            0000000000000000000000000000000000000000000              0
            1111111111111111111100000011010100100101010            1111111111111111111110011001110100100101100              0
            0000000000000000000000000000000000000000000            0000000000000000000000000000000000000000000              0
            0000000000000000000000000000000000000000000            0000000000000000000000000000000000000000000              0
            0000000000000000000000000000000000000000000            0000000000000000000000000000000000000000000              0
            0000000000000000000000000000000000000000000            0000000000000000000000000000000000000000000              0
            0000000000000000000000000000000000000000000            0000000000000000000000000000000000000000000              0
            0000000000000000000000000000000000000000000            0000000000000000000000000000000000000000000              0
            0000000000000000000000000000000000000000000            0000000000000000000000000000000000000000000              0
            0000000000000000000000000000000000000000000            0000000000000000000000000000000000000000000              0
            0000000000000000000000000000000000000000000            0000000000000000000000000000000000000000000              0
            0000000000000000000000000000000000000000000            0000000000000000000000000000000000000000000              0
            0000000000000000000000000000000000000000000            0000000000000000000000000000000000000000000              0
            0000000000000000000000000000000000000000000            0000000000000000000000000000000000000000000              0
            0000000000000000000000000000000000000000000            0000000000000000000000000000000000000000000              0
            0000000000000000000000000000000000000000000            0000000000000000000000000000000000000000000              0
            0000000000000000000000000000000000000000000            0000000000000000000000000000000000000000000              0
            0000000000000000000001010010101011011111000            0000000000000000000001010111101011011111000              0
            0000000000000000000000000000000000000000000            0000000000000000000000000000000000000000000              0
            0000000000000000000000000000000000000000000            0000000000000000000000000000000000000000000              0
            0000000000000000000000000000000000000000000            0000000000000000000000000000000000000000000              0
            0000000000000000000000000000000000000000000            0000000000000000000000000000000000000000000              0
            0000000000000000000000000000000000000000000            0000000000000000000000000000000000000000000              0
            0000000000000000000000000000000000000000000            0000000000000000000000000000000000000000000              0
            0000000000000000000000000000000000000000000            0000000000000000000000000000000000000000000              0
            0000000000000000000000000000000000000000000            0000000000000000000000000000000000000000000              0
            0000000000000000000000000000000000000000000            0000000000000000000000000000000000000000000              0
            0000000000000000000000000000000000000000000            0000000000000000000000000000000000000000000              0
            0000000000000000000000000000000000000000000            0000000000000000000000000000000000000000000              0
            0000000000000000000000000000000000000000000            0000000000000000000000000000000000000000000              0
            0000000000000000000000000000000000000000000            0000000000000000000000000000000000000000000              0
            0000000000000000000000000000000000000000000            0000000000000000000000000000000000000000000              0
            0000000000000000000000000000000000000000000            0000000000000000000000000000000000000000000              0
            1111111111111111111111110010111111010001000            1111111111111111111111100000100101100111100              0
            0000000000000000000000000000000000000000000            0000000000000000000000000000000000000000000              0
            0000000000000000000000000000000000000000000            0000000000000000000000000000000000000000000              0
            0000000000000000000000000000000000000000000            0000000000000000000000000000000000000000000              0
            0000000000000000000000000000000000000000000            0000000000000000000000000000000000000000000              0
            0000000000000000000000000000000000000000000            0000000000000000000000000000000000000000000              0
            0000000000000000000000000000000000000000000            0000000000000000000000000000000000000000000              0
            0000000000000000000000000000000000000000000            0000000000000000000000000000000000000000000              0
            0000000000000000000000000000000000000000000            0000000000000000000000000000000000000000000              0
            0000000000000000000000000000000000000000000            0000000000000000000000000000000000000000000              0
            0000000000000000000000000000000000000000000            0000000000000000000000000000000000000000000              0
            0000000000000000000000000000000000000000000            0000000000000000000000000000000000000000000              0
            0000000000000000000000000000000000000000000            0000000000000000000000000000000000000000000              0
            0000000000000000000000000000000000000000000            0000000000000000000000000000000000000000000              0
            0000000000000000000000000000000000000000000            0000000000000000000000000000000000000000000              0
            0000000000000000000000000000000000000000000            0000000000000000000000000000000000000000000              0
            0000000000000000000000000000000000000000000            0000000000000000000000000000000000000000000              0
            0000000000000000000000000000000000000000000            0000000000000000000000000000000000000000000              0
            0000000000000000000000000000000000000000000            0000000000000000000000000000000000000000000              0
            0000000000000000000000000000000000000000000            0000000000000000000000000000000000000000000              0
            0000000000000000000000000000000000000000000            0000000000000000000000000000000000000000000              0
            0000000000000000000000000000000000000000000            0000000000000000000000000000000000000000000              0
            0000000000000000000000000000000000000000000            0000000000000000000000000000000000000000000              0
            0000000000000000000000000000000000000000000            0000000000000000000000000000000000000000000              0
            0000000000000000000000000000000000000000000            0000000000000000000000000000000000000000000              0
            0000000000000000000000000000000000000000000            0000000000000000000000000000000000000000000              0
            0000000000000000000000000000000000000000000            0000000000000000000000000000000000000000000              0
            0000000000000000000000000000000000000000000            0000000000000000000000000000000000000000000              0
            0000000000000000000000000000000000000000000            0000000000000000000000000000000000000000000              0
            0000000000000000000000000000000000000000000            0000000000000000000000000000000000000000000              0
            0000000000000000000000000000000000000000000            0000000000000000000000000000000000000000000              0
            0000000000000000000000000000000000000000000            0000000000000000000000000000000000000000000              0
            1111111111111111111111110001111111010001000            0000000000000000000000011111011010011000100              0
            0000000000000000000000000000000000000000000            0000000000000000000000000000000000000000000              0
            0000000000000000000000000000000000000000000            0000000000000000000000000000000000000000000              0
            0000000000000000000000000000000000000000000            0000000000000000000000000000000000000000000              0
            0000000000000000000000000000000000000000000            0000000000000000000000000000000000000000000              0
            0000000000000000000000000000000000000000000            0000000000000000000000000000000000000000000              0
            0000000000000000000000000000000000000000000            0000000000000000000000000000000000000000000              0
            0000000000000000000000000000000000000000000            0000000000000000000000000000000000000000000              0
            0000000000000000000000000000000000000000000            0000000000000000000000000000000000000000000              0
            0000000000000000000000000000000000000000000            0000000000000000000000000000000000000000000              0
            0000000000000000000000000000000000000000000            0000000000000000000000000000000000000000000              0
            0000000000000000000000000000000000000000000            0000000000000000000000000000000000000000000              0
            0000000000000000000000000000000000000000000            0000000000000000000000000000000000000000000              0
            0000000000000000000000000000000000000000000            0000000000000000000000000000000000000000000              0
            0000000000000000000000000000000000000000000            0000000000000000000000000000000000000000000              0
            0000000000000000000000000000000000000000000            0000000000000000000000000000000000000000000              0
            0000000000000000000001010101110110011110000            1111111111111111111110101011001001100010000              0
            0000000000000000000000000000000000000000000            0000000000000000000000000000000000000000000              0
            0000000000000000000000000000000000000000000            0000000000000000000000000000000000000000000              0
            0000000000000000000000000000000000000000000            0000000000000000000000000000000000000000000              0
            0000000000000000000000000000000000000000000            0000000000000000000000000000000000000000000              0
            0000000000000000000000000000000000000000000            0000000000000000000000000000000000000000000              0
            0000000000000000000000000000000000000000000            0000000000000000000000000000000000000000000              0
            0000000000000000000000000000000000000000000            0000000000000000000000000000000000000000000              0
            0000000000000000000000000000000000000000000            0000000000000000000000000000000000000000000              0
            0000000000000000000000000000000000000000000            0000000000000000000000000000000000000000000              0
            0000000000000000000000000000000000000000000            0000000000000000000000000000000000000000000              0
            0000000000000000000000000000000000000000000            0000000000000000000000000000000000000000000              0
            0000000000000000000000000000000000000000000            0000000000000000000000000000000000000000000              0
            0000000000000000000000000000000000000000000            0000000000000000000000000000000000000000000              0
            0000000000000000000000000000000000000000000            0000000000000000000000000000000000000000000              0
            0000000000000000000000000000000000000000000            0000000000000000000000000000000000000000000              0
            1111111111111111111100000000001010001010100            0000000000000000000001101010011000110101000              0
            0000000000000000000000000000000000000000000            0000000000000000000000000000000000000000000              0
            0000000000000000000000000000000000000000000            0000000000000000000000000000000000000000000              0
            0000000000000000000000000000000000000000000            0000000000000000000000000000000000000000000              0
            0000000000000000000000000000000000000000000            0000000000000000000000000000000000000000000              0
            0000000000000000000000000000000000000000000            0000000000000000000000000000000000000000000              0
            0000000000000000000000000000000000000000000            0000000000000000000000000000000000000000000              0
            0000000000000000000000000000000000000000000            0000000000000000000000000000000000000000000              0
            0000000000000000000000000000000000000000000            0000000000000000000000000000000000000000000              0
            0000000000000000000000000000000000000000000            0000000000000000000000000000000000000000000              0
            0000000000000000000000000000000000000000000            0000000000000000000000000000000000000000000              0
            0000000000000000000000000000000000000000000            0000000000000000000000000000000000000000000              0
            0000000000000000000000000000000000000000000            0000000000000000000000000000000000000000000              0
            0000000000000000000000000000000000000000000            0000000000000000000000000000000000000000000              0
            0000000000000000000000000000000000000000000            0000000000000000000000000000000000000000000              0
            0000000000000000000000000000000000000000000            0000000000000000000000000000000000000000000              0
            0000000100000000000000000000000000000000000            0000000000000000000000000000000000000000000              2
            0000000000000000000000000000000000000000000            0000000000000000000000000000000000000000000              0
            0000000000000000000000000000000000000000000            0000000000000000000000000000000000000000000              0
            0000000000000000000000000000000000000000000            0000000000000000000000000000000000000000000              0
            0000000000000000000000000000000000000000000            0000000000000000000000000000000000000000000              0
            0000000000000000000000000000000000000000000            0000000000000000000000000000000000000000000              0
            0000000000000000000000000000000000000000000            0000000000000000000000000000000000000000000              0
            0000000000000000000000000000000000000000000            0000000000000000000000000000000000000000000              0
            0000000000000000000000000000000000000000000            0000000000000000000000000000000000000000000              0
            0000000000000000000000000000000000000000000            0000000000000000000000000000000000000000000              0
            0000000000000000000000000000000000000000000            0000000000000000000000000000000000000000000              0
            0000000000000000000000000000000000000000000            0000000000000000000000000000000000000000000              0
            0000000000000000000000000000000000000000000            0000000000000000000000000000000000000000000              0
            0000000000000000000000000000000000000000000            0000000000000000000000000000000000000000000              0
            0000000000000000000000000000000000000000000            0000000000000000000000000000000000000000000              0
            0000000000000000000000000000000000000000000            0000000000000000000000000000000000000000000              0
            1111111111111111111100000000001010001010100            1111111111111111111110010101100111001011000              0
            0000000000000000000000000000000000000000000            0000000000000000000000000000000000000000000              0
            0000000000000000000000000000000000000000000            0000000000000000000000000000000000000000000              0
            0000000000000000000000000000000000000000000            0000000000000000000000000000000000000000000              0
            0000000000000000000000000000000000000000000            0000000000000000000000000000000000000000000              0
            0000000000000000000000000000000000000000000            0000000000000000000000000000000000000000000              0
            0000000000000000000000000000000000000000000            0000000000000000000000000000000000000000000              0
            0000000000000000000000000000000000000000000            0000000000000000000000000000000000000000000              0
            0000000000000000000000000000000000000000000            0000000000000000000000000000000000000000000              0
            0000000000000000000000000000000000000000000            0000000000000000000000000000000000000000000              0
            0000000000000000000000000000000000000000000            0000000000000000000000000000000000000000000              0
            0000000000000000000000000000000000000000000            0000000000000000000000000000000000000000000              0
            0000000000000000000000000000000000000000000            0000000000000000000000000000000000000000000              0
            0000000000000000000000000000000000000000000            0000000000000000000000000000000000000000000              0
            0000000000000000000000000000000000000000000            0000000000000000000000000000000000000000000              0
            0000000000000000000000000000000000000000000            0000000000000000000000000000000000000000000              0
            0000000000000000000001010101110110011110000            0000000000000000000001010100110110011110000              0
            0000000000000000000000000000000000000000000            0000000000000000000000000000000000000000000              0
            0000000000000000000000000000000000000000000            0000000000000000000000000000000000000000000              0
            0000000000000000000000000000000000000000000            0000000000000000000000000000000000000000000              0
            0000000000000000000000000000000000000000000            0000000000000000000000000000000000000000000              0
            0000000000000000000000000000000000000000000            0000000000000000000000000000000000000000000              0
            0000000000000000000000000000000000000000000            0000000000000000000000000000000000000000000              0
            0000000000000000000000000000000000000000000            0000000000000000000000000000000000000000000              0
            0000000000000000000000000000000000000000000            0000000000000000000000000000000000000000000              0
            0000000000000000000000000000000000000000000            0000000000000000000000000000000000000000000              0
            0000000000000000000000000000000000000000000            0000000000000000000000000000000000000000000              0
            0000000000000000000000000000000000000000000            0000000000000000000000000000000000000000000              0
            0000000000000000000000000000000000000000000            0000000000000000000000000000000000000000000              0
            0000000000000000000000000000000000000000000            0000000000000000000000000000000000000000000              0
            0000000000000000000000000000000000000000000            0000000000000000000000000000000000000000000              0
            0000000000000000000000000000000000000000000            0000000000000000000000000000000000000000000              0
            1111111111111111111111110001111111010001000            1111111111111111111111100000100101100111100              0
            0000000000000000000000000000000000000000000            0000000000000000000000000000000000000000000              0
            0000000000000000000000000000000000000000000            0000000000000000000000000000000000000000000              0
            0000000000000000000000000000000000000000000            0000000000000000000000000000000000000000000              0
            0000000000000000000000000000000000000000000            0000000000000000000000000000000000000000000              0
            0000000000000000000000000000000000000000000            0000000000000000000000000000000000000000000              0
            0000000000000000000000000000000000000000000            0000000000000000000000000000000000000000000              0
            0000000000000000000000000000000000000000000            0000000000000000000000000000000000000000000              0
            0000000000000000000000000000000000000000000            0000000000000000000000000000000000000000000              0
            0000000000000000000000000000000000000000000            0000000000000000000000000000000000000000000              0
            0000000000000000000000000000000000000000000            0000000000000000000000000000000000000000000              0
            0000000000000000000000000000000000000000000            0000000000000000000000000000000000000000000              0
            0000000000000000000000000000000000000000000            0000000000000000000000000000000000000000000              0
            0000000000000000000000000000000000000000000            0000000000000000000000000000000000000000000              0
            0000000000000000000000000000000000000000000            0000000000000000000000000000000000000000000              0
            0000000000000000000000000000000000000000000            0000000000000000000000000000000000000000000              0
            0000000000000000000000000000000000000000000            0000000000000000000000000000000000000000000              0
            0000000000000000000000000000000000000000000            0000000000000000000000000000000000000000000              0
            0000000000000000000000000000000000000000000            0000000000000000000000000000000000000000000              0
            0000000000000000000000000000000000000000000            0000000000000000000000000000000000000000000              0
            0000000000000000000000000000000000000000000            0000000000000000000000000000000000000000000              0
            0000000000000000000000000000000000000000000            0000000000000000000000000000000000000000000              0
            0000000000000000000000000000000000000000000            0000000000000000000000000000000000000000000              0
            0000000000000000000000000000000000000000000            0000000000000000000000000000000000000000000              0
            0000000000000000000000000000000000000000000            0000000000000000000000000000000000000000000              0
            0000000000000000000000000000000000000000000            0000000000000000000000000000000000000000000              0
            0000000000000000000000000000000000000000000            0000000000000000000000000000000000000000000              0
            0000000000000000000000000000000000000000000            0000000000000000000000000000000000000000000              0
            0000000000000000000000000000000000000000000            0000000000000000000000000000000000000000000              0
            0000000000000000000000000000000000000000000            0000000000000000000000000000000000000000000              0
            0000000000000000000000000000000000000000000            0000000000000000000000000000000000000000000              0
            0000000000000000000000000000000000000000000            0000000000000000000000000000000000000000000              0
            1111111111111111111111110010111111010001000            0000000000000000000000011111011010011000100              0
            0000000000000000000000000000000000000000000            0000000000000000000000000000000000000000000              0
            0000000000000000000000000000000000000000000            0000000000000000000000000000000000000000000              0
            0000000000000000000000000000000000000000000            0000000000000000000000000000000000000000000              0
            0000000000000000000000000000000000000000000            0000000000000000000000000000000000000000000              0
            0000000000000000000000000000000000000000000            0000000000000000000000000000000000000000000              0
            0000000000000000000000000000000000000000000            0000000000000000000000000000000000000000000              0
            0000000000000000000000000000000000000000000            0000000000000000000000000000000000000000000              0
            0000000000000000000000000000000000000000000            0000000000000000000000000000000000000000000              0
            0000000000000000000000000000000000000000000            0000000000000000000000000000000000000000000              0
            0000000000000000000000000000000000000000000            0000000000000000000000000000000000000000000              0
            0000000000000000000000000000000000000000000            0000000000000000000000000000000000000000000              0
            0000000000000000000000000000000000000000000            0000000000000000000000000000000000000000000              0
            0000000000000000000000000000000000000000000            0000000000000000000000000000000000000000000              0
            0000000000000000000000000000000000000000000            0000000000000000000000000000000000000000000              0
            0000000000000000000000000000000000000000000            0000000000000000000000000000000000000000000              0
            0000000000000000000001010010101011011111000            1111111111111111111110101000010100100001000              0
            0000000000000000000000000000000000000000000            0000000000000000000000000000000000000000000              0
            0000000000000000000000000000000000000000000            0000000000000000000000000000000000000000000              0
            0000000000000000000000000000000000000000000            0000000000000000000000000000000000000000000              0
            0000000000000000000000000000000000000000000            0000000000000000000000000000000000000000000              0
            0000000000000000000000000000000000000000000            0000000000000000000000000000000000000000000              0
            0000000000000000000000000000000000000000000            0000000000000000000000000000000000000000000              0
            0000000000000000000000000000000000000000000            0000000000000000000000000000000000000000000              0
            0000000000000000000000000000000000000000000            0000000000000000000000000000000000000000000              0
            0000000000000000000000000000000000000000000            0000000000000000000000000000000000000000000              0
            0000000000000000000000000000000000000000000            0000000000000000000000000000000000000000000              0
            0000000000000000000000000000000000000000000            0000000000000000000000000000000000000000000              0
            0000000000000000000000000000000000000000000            0000000000000000000000000000000000000000000              0
            0000000000000000000000000000000000000000000            0000000000000000000000000000000000000000000              0
            0000000000000000000000000000000000000000000            0000000000000000000000000000000000000000000              0
            0000000000000000000000000000000000000000000            0000000000000000000000000000000000000000000              0
            1111111111111111111100000011010100100101010            0000000000000000000001100110001011011010100              0
            0000000000000000000000000000000000000000000            0000000000000000000000000000000000000000000              0
            0000000000000000000000000000000000000000000            0000000000000000000000000000000000000000000              0
            0000000000000000000000000000000000000000000            0000000000000000000000000000000000000000000              0
            0000000000000000000000000000000000000000000            0000000000000000000000000000000000000000000              0
            0000000000000000000000000000000000000000000            0000000000000000000000000000000000000000000              0
            0000000000000000000000000000000000000000000            0000000000000000000000000000000000000000000              0
            0000000000000000000000000000000000000000000            0000000000000000000000000000000000000000000              0
            0000000000000000000000000000000000000000000            0000000000000000000000000000000000000000000              0
            0000000000000000000000000000000000000000000            0000000000000000000000000000000000000000000              0
            0000000000000000000000000000000000000000000            0000000000000000000000000000000000000000000              0
            0000000000000000000000000000000000000000000            0000000000000000000000000000000000000000000              0
            0000000000000000000000000000000000000000000            0000000000000000000000000000000000000000000              0
            0000000000000000000000000000000000000000000            0000000000000000000000000000000000000000000              0
            0000000000000000000000000000000000000000000            0000000000000000000000000000000000000000000              0
            0000000000000000000000000000000000000000000            0000000000000000000000000000000000000000000              0
            0000000010100000000000000000000000000000000            0000000000000000000000000000000000000000000              3
            0000000010100010111011101100110101111001010            1111111101011101000100000010011010100001000              0
            0000000000000000000001111000001011100110001            1111111101011100110000111111000100011001001              0
            1111111111001001101000100110000000000101011            1111111111001001101010010000010111001100011              0
            0000000000000000000000000000000000000000000            0000000000000000000000000000000000000000000              0
            0000000000100000101101110010100101010111010            1111111111011111010011111000101100110101000              0
            1111111111111111111110011010110000010000111            1111111111001001100000111011100001100111101              0
            1111111111101000100110000001011101000000000            1111111111101000100100110110010110011001000              0
            0000000000000000000000000000000000000000000            0000000000000000000000000000000000000000000              0
            0000000000010010010000111101110101111001100            1111111111101101101111100111001101011100100              0
            1111111111111111111111110101111101111110100            1111111111011111000100111111111111110101000              0
            1111111111110001000000001000010011110100001            1111111111110001000000010011000100010110010              0
            0000000000000000000000000000000000000000000            0000000000000000000000000000000000000000000              0
            0000000000001100101111110110010000101101110            1111111111110011010000000011010110110000010              0
            0000000000000000000000100110100100001001111            1111111111101000001110110100101000011100101              0
            1111111111110100111001010101010101111011100            1111111111110100111001101010111001010011100              0
            1111111111111111111010111111001111000010010            1111111111111111111110010101001110101011100              0
            0000000000001001110111100000100000100001001            1111111111110110001000100111101000001111001              0
            0000000000000000000000000101000110000100010            1111111111101101010010101001010000101010010              0
            1111111111110111000110100001101001110111111            1111111111110111000110100101100011000110111              0
            0000000000000000000000000000000000000000000            0000000000000000000000000000000000000000000              0
            0000000000001000000111010101000000100010001            1111111111110111111000101000010010010010101              0
            1111111111111111111111111101100101010100010            1111111111110000011100000011000000101111110              0
            1111111111111000100001011011010100011101000            1111111111111000100001100011100000000000111              0
            0000000000000000000000000000000000000000000            0000000000000000000000000000000000000000000              0
            0000000000000110111100101010000001111110110            1111111111111001000011100000011000010111010              0
            0000000000000000000000000101011101101000000            1111111111110010100100010111001001000100000              0
            1111111111111001011111110111101000001111101            1111111111111001011111110010010011100111110              0
            0000000000000000000000000000000000000000000            0000000000000000000000000000000000000000000              0
            0000000000000110000111101111100111110011100            1111111111111001111000001001000111100100110              0
            1111111111111111111111110011101111011101011            1111111111110100000101111100101101111110111              0
            1111111111111010001100110001110010101110000            1111111111111010001100110110110011001111001              0
            0000000000000000000001110010011000101111010            0000000000000000000001011000011000101111010              0
            0000000000000101100001011001001101111111001            1111111111111010011110100111100010111000101              0
            0000000000000000000000000010000000100111010            1111111111110101001101001011101011000001111              0
            1111111111111010101101111000001001101000011            1111111111111010101101111001010100100101111              0
            0000000000000000000000000000000000000000000            0000000000000000000000000000000000000000000              0
            0000000000000101000100101100110101111001110            1111111111111010111011001111111110100011100              0
            0000000000000000000000000000100110111110000            1111111111110110000010100011101110111000000              0
            1111111111111011000110110110000111111111001            1111111111111011000110111010100000011010011              0
            0000000000000000000000000000000000000000000            0000000000000000000000000000000000000000000              0
            0000000000000100101110111110110101111110100            1111111111111011010001000000001111000100011              0
            1111111111111111111111111101110001110010100            1111111111110110101011000100101001001100100              0
            1111111111111011011001101111110101011010111            1111111111111011011001110011101100001010111              0
            0000000000000000000000000000000000000000000            0000000000000000000000000000000000000000000              0
            0000000000000100011110100110001000101111001            1111111111111011100001011000000010000000001              0
            1111111111111111111111111101100011000110010            1111111111110111001001101011111000100111010              0
            1111111111111011100111111011010101000111100            1111111111111011100111111101010101101101100              0
            1111111111111111111111101001100110110001100            1111111111111111111111011111101010011111010              0
            0000000000000100010010011001101111111001011            1111111111111011101101100111111101101101010              0
            1111111111111111111111111010001011000001100            1111111111110111100000001001110100001110000              0
            1111111111111011110010011010101101001111010            1111111111111011110010011010101010011110010              0
            0000000000000000000000000000000000000000000            0000000000000000000000000000000000000000000              0
            0000000000000100001001100110100101001001101            1111111111111011110110011011110111101100101              0
            0000000000000000000000000000110100001111100            1111111111110111110000001101000101011101000              0
            1111111111111011111001101000011100101000100            1111111111111011111001100110001001111001100              0
            0000000000000000000000000000000000000000000            0000000000000000000000000000000000000000000              0
            0000000000000100000011110010011000011011000            1111111111111011111100001010111010011001100              0
            1111111111111111111111111101110011000101011            1111111111110111111010011011100010101011101              0
            1111111111111011111110000010110001110100001            1111111111111011111110000101000110010110110              0
            0000000000000000000000000000000000000000000            0000000000000000000000000000000000000000000              0
            0000000000000100000000110000010111101000000            1111111111111011111111010001110110001110100              0
            0000000000000000000000000001000101101101111            1111111111110111111111010101110000000110101              0
            1111111111111011111111111100000000001001110            1111111111111011111111111110100010010111010              0
            0000000000000000000000000000000000000000000            0000000000000000000000000000000000000000000              0
            0000000000000100000000000001111111110111100            1111111111111011111111111110100000110010110              0
            1111111111111111111111111100111010010111000            1111111111110111111111010101101100111101101              0
            1111111111111011111111001101101000100011001            1111111111111011111111010001110001100001001              0
            0000000000000000000000000000000000000000000            0000000000000000000000000000000000000000000              0
            0000000000000100000001111011001110101010101            1111111111111011111110000100111110100001011              0
            0000000000000000000000000000010111000000000            1111111111110111111010011010011001111111000              0
            1111111111111011111100001001101001011101100            1111111111111011111100001010100100100001000              0
            0000000000000000000000000000000000000000000            0000000000000000000000000000000000000000000              0
            0000000000000100000110010101100100111011000            1111111111111011111001100101111011111000000              0
            1111111111111111111111111110001011110000100            1111111111110111110000001101000101011101000              0
            1111111111111011110110010111011101001010110            1111111111111011110110011011100110101000001              0
            0000000000000000000000000000000000000000000            0000000000000000000000000000000000000000000              0
            0000000000000100001101100010101010000100011            1111111111111011110010011001011001101000001              0
            0000000000000000000000000001000000001100101            1111111111110111100000001001110011100010011              0
            1111111111111011101101100101101011011011010            1111111111111011101101100110101010111101101              0
            1111111111111111111111111010100110110001100            0000000000000000000000100000010101100000110              0
            0000000000000100011000000010001010010011110            1111111111111011100111111100000001010001000              0
            1111111111111111111111111111111110011010010            1111111111110111001001101011100011011001010              0
            1111111111111011100001010111011010110111111            1111111111111011100001010111101100000011111              0
            0000000000000000000000000000000000000000000            0000000000000000000000000000000000000000000              0
            0000000000000100100110001101110010011100001            1111111111111011011001110011010100111100001              0
            0000000000000000000000000000010111010100010            1111111111110110101011000101001000010010110              0
            1111111111111011010000111111010011111101000            1111111111111011010001000000101100110101000              0
            0000000000000000000000000000000000000000000            0000000000000000000000000000000000000000000              0
            0000000000000100111001000111000011101100000            1111111111111011000110111001111011100011111              0
            1111111111111111111111111100110010001110000            1111111111110110000010100010100010101000000              0
            1111111111111010111011010001010110011100000            1111111111111010111011010001010100101101110              0
            0000000000000000000000000000000000000000000            0000000000000000000000000000000000000000000              0
            0000000000000101010010001000110010010011011            1111111111111010101101111010001011101101100              0
            1111111111111111111111111001000111000101101            1111111111110101001101001011001011001111111              0
            1111111111111010011110100100000001011100010            1111111111111010011110100110011100010001011              0
            0000000000000000000000110111100011101110010            1111111111111111111110101010011100010001110              0
            0000000000000101110011001011000100011111110            1111111111111010001100111001011101001000001              0
            0000000000000000000000001000100100100111101            1111111111110100000101111110110000010011011              0
            1111111111111001111000001010000000001001010            1111111111111001111000000011101001111111100              0
            0000000000000000000000000000000000000000000            0000000000000000000000000000000000000000000              0
            0000000000000110100000000111101100101010000            1111111111111001011111101110011100010010101              0
            1111111111111111111111110110100011000100000            1111111111110010100100010111000111101100000              0
            1111111111111001000011010000110010001101110            1111111111111001000011011110001011000000000              0
            0000000000000000000000000000000000000000000            0000000000000000000000000000000000000000000              0
            0000000000000111011110100000111010110111100            1111111111111000100001100010111110110001011              0
            1111111111111111111111111111100111010011110            1111111111110000011100000110101110010111010              0
            1111111111110111111000100111010001000000011            1111111111110111111000101001100010000000101              0
            0000000000000000000000000000000000000000000            0000000000000000000000000000000000000000000              0
            0000000000001000111001011111011110000001000            1111111111110111000110100100110110110101110              0
            1111111111111111111111111110001111000010100            1111111111101101010010100110101000101010100              0
            1111111111110110001000011110011101110011100            1111111111110110001000101011000011101100000              0
            1111111111111111111101000110110110101011100            0000000000000000000001101000110110110111000              0
            0000000000001011000110100110111101100001101            1111111111110100111001100011101011000111101              0
            1111111111111111111111011000111111011010111            1111111111101000001110101111100010110111001              0
            1111111111110011010000000111000011111010110            1111111111110011001111111010110110110000010              0
            0000000000000000000000000000000000000000000            0000000000000000000000000000000000000000000              0
            0000000000001110111111110101111111010100010            1111111111110001000000001000101110101111000              0
            1111111111111111111111111110111011100011110            1111111111011111000100110101111111100010010              0
            1111111111101101101110111010101100000100100            1111111111101101101111011100110101110010100              0
            0000000000000000000000000000000000000000000            0000000000000000000000000000000000000000000              0
            0000000000010111011001101111001100110110100            1111111111101000100100101101100101001101100              0
            0000000000000000000001010010011101001001000            1111111111001001100000111100101100010001001              0
            1111111111011111010001111000111110100110010            1111111111011111010011110111110001100010110              0
            0000000000000000000000000000000000000000000            0000000000000000000000000000000000000000000              0
            0000000000110110010111001010100011011111000            1111111111001001101010010111011100010101110              0
            1111111111111111111101110110100011111101111            1111111101011100110001001000101000101111100              0
            1111111101011101000100000010001111010001110            1111111101011101000100001011000010001000010              0
            0000000011000000000000000000000000000000000            0000000000000000000000000000000000000000000              2
            1111111101011101000100000001111010110111010            0000000010100010111011110010111101100111100              0
            1111111111111111111101110101111011001000111            0000000010100011001110110101010110010001001              0
            0000000000110110010111001001100110010001001            0000000000110110010101100110100001011001101              0
            0000000000000000000000000000000000000000000            0000000000000000000000000000000000000000000              0
            1111111111011111010001111001000110011011101            0000000000100000101100001010001110111100000              0
            0000000000000000000001010001011011011010000            0000000000110110011111000101001110111000010              0
            0000000000010111011001101110010110001001010            0000000000010111011011010010010110000101010              0
            0000000000000000000000000000000000000000000            0000000000000000000000000000000000000000000              0
            1111111111101101101110111010000010000000000            0000000000010010010000100011000101100011000              0
            1111111111111111111111111100101111100110100            0000000000100000111011001001101111001101000              0
            0000000000001110111111110110110010100001110            0000000000001110111111110110011000001110001              0
            0000000000000000000000000000000000000000000            0000000000000000000000000000000000000000000              0
            1111111111110011010000001000101000010011001            0000000000001100110000000001011001011001100              0
            1111111111111111111111011000101001110111000            0000000000010111110001010010011001011001100              0
            0000000000001011000110100111010100100011110            0000000000001011000110011000011001001010111              0
            1111111111111111111101000110110110101011100            1111111111111111111110010111001001001001000              0
            1111111111110110001000011110000011110111101            0000000000001001110111010110110110110100101              0
            1111111111111111111111111100111100111100110            0000000000010010101101010111000100111001110              0
            0000000000001000111001100001101101111001001            0000000000001000111001011101101011010101001              0
            0000000000000000000000000000000000000000000            0000000000000000000000000000000000000000000              0
            1111111111110111111000100111110000100011010            0000000000001000000111010100100110010011100              0
            1111111111111111111111111111000110011010000            0000000000001111100011111001001000100010000              0
            0000000000000111011110100001011101000110111            0000000000000111011110011110001011001010001              0
            0000000000000000000000000000000000000000000            0000000000000000000000000000000000000000000              0
            1111111111111001000011010000001101010111010            0000000000000110111100100010101001010100111              0
            1111111111111111111111110100001010100100000            0000000000001101011011100011000101111100000              0
            0000000000000110100000000111000101010010000            0000000000000110100000010001010110001010100              0
            0000000000000000000000000000000000000000000            0000000000000000000000000000000000000000000              0
            1111111111111001111000001011111101100011011            0000000000000110000111111010000100101000000              0
            0000000000000000000000001001001111100110011            0000000000001011111001111111100000010001110              0
            0000000000000101110011001101001000111000111            0000000000000101110011000111010111110100011              0
            0000000000000000000000110111100011101110010            0000000000000000000001010101100011101110010              0
            1111111111111010011110100110111010110110010            0000000000000101100001010110110011001101001              0
            1111111111111111111111111011010101010110010            0000000000001010110010110100110011110011111              0
            0000000000000101010010001000110010010011011            0000000000000101010010000011110100010010100              0
            0000000000000000000000000000000000000000000            0000000000000000000000000000000000000000000              0
            1111111111111010111011010011101101110011011            0000000000000101000100101100110101001010010              0
            1111111111111111111111111101100101101000000            0000000000001001111101011000110111010000000              0
            0000000000000100111001000111000011101100000            0000000000000100111001000100000100011100001              0
            0000000000000000000000000000000000000000000            0000000000000000000000000000000000000000000              0
            1111111111111011010000111110011101111000100            0000000000000100101110111101110101011010011              0
            0000000000000000000000000000010111010100010            0000000000001001010100111001110111101101010              0
            0000000000000100100110001101110010011100001            0000000000000100100110001011101011000011111              0
            0000000000000000000000000000000000000000000            0000000000000000000000000000000000000000000              0
            1111111111111011100001010111011010110111111            0000000000000100011110100111010011111100001              0
            1111111111111111111111111111111110011010010            0000000000001000110110010011011100100110110              0
            0000000000000100011000000010001010010011110            0000000000000100011000000010111110101111000              0
            1111111111111111111111111010100110110001100            1111111111111111111111011111101010011111010              0
            1111111111111011101101100110100111001000110            0000000000000100010010011000111110000000010              0
            0000000000000000000000000001111100011101010            0000000000001000011111110101110110111001110              0
            0000000000000100001101100010101010000100011            0000000000000100001101100110100110010111111              0
            0000000000000000000000000000000000000000000            0000000000000000000000000000000000000000000              0
            1111111111111011110110011000011010110110011            0000000000000100001001100011001000010011011              0
            1111111111111111111111111110001011110000100            0000000000001000001111110001111010100011000              0
            0000000000000100000110010110100011010111100            0000000000000100000110011000110110000110100              0
            0000000000000000000000000000000000000000000            0000000000000000000000000000000000000000000              0
            1111111111111011111100001010101000100001010            0000000000000100000011110100010000100010110              0
            0000000000000000000000000001010110010011101            0000000000001000000101100100011100101000000              0
            0000000000000100000001111011001110101010101            0000000000000100000001111010000001011110101              0
            0000000000000000000000000000000000000000000            0000000000000000000000000000000000000000000              0
            1111111111111011111111001110101000011000000            0000000000000100000000101101001001110001100              0
            1111111111111111111111111101111010010010001            0000000000001000000000101001001111111001011              0
            0000000000000100000000000010111111110110010            0000000000000100000000000000011101101000110              0
            0000000000000000000000000000000000000000000            0000000000000000000000000000000000000000000              0
            1111111111111011111111111101000000001000100            0000000000000100000000000000011111001101010              0
            0000000000000000000000000010000101101001000            0000000000001000000000101001010011000010011              0
            0000000000000100000000110001010111011100111            0000000000000100000000101101001110011110111              0
