0000000000000000,
0000000000000000,
0000000000000000,
0000000000000000,
0000000000000000,
0000000000000000,
0000000000000000,
0000000000000000,
0000000000000000,
0000000000000000,
0000000000000000,
0000000000000000,
0000000000000000,
0000000000000000,
0000000000000000,
0000000000000000,
0000010000000000,
0000000000000000,
1111110000000000,
0000000000000000,
0000010000000000,
0000000000000000,
1111110000000000,
0000000000000000,
0000010000000000,
0000000000000000,
1111110000000000,
0000000000000000,
0000010000000000,
0000000000000000,
1111110000000000,
0000000000000000,
0000010000000000,
1111111001111000,
1111110100101100,
0000001110110010,
0000000000000000,
1111110001001110,
0000001011010100,
0000000110001000,
1111110000000000,
0000000110001000,
0000001011010100,
1111110001001110,
0000000000000000,
0000001110110010,
1111110100101100,
1111111001111000,
0000100000000000,
1111111001111000,
1111100100101100,
0000001110110010,
0000010000000000,
1111110001001110,
1111111011010100,
0000000110001000,
0000000000000000,
0000000110001000,
1111111011010100,
1111110001001110,
0000010000000000,
0000001110110010,
1111100100101100,
1111111001111000,
