0000000000000000,
0000000000000000,
0000000000000000,
0000000000000000,
0000000000000000,
0000000000000000,
0000000000000000,
0000000000000000,
0000000000000000,
0000000000000000,
0000000000000000,
0000000000000000,
0000000000000000,
0000000000000000,
0000000000000000,
0000000000000000,
0000000100000000,
1111111100000000,
0000000100000000,
1111111100000000,
0000000100000000,
1111111100000000,
0000000100000000,
1111111100000000,
0000000100000000,
1111111100000000,
0000000100000000,
1111111100000000,
0000000100000000,
1111111100000000,
0000000100000000,
1111111100000000,
0000000100000000,
1111111100010011,
0000000010110101,
1111111110011110,
0000000000000000,
0000000001100010,
1111111101001011,
0000000011101101,
1111111100000000,
0000000011101101,
1111111101001011,
0000000001100010,
0000000000000000,
1111111110011110,
0000000010110101,
1111111100010011,
0000001000000000,
1111111000010011,
0000000110110101,
1111111010011110,
0000000100000000,
1111111101100010,
0000000001001011,
1111111111101101,
0000000000000000,
1111111111101101,
0000000001001011,
1111111101100010,
0000000100000000,
1111111010011110,
0000000110110101,
1111111000010011,
